b(-1) : 0
b(0) : 0.680996
b(1) : -0.168824
b(2) : -0.191151
b(3) : 0.172868
b(4) : -0.065173
b(5) : 0.0121014
b(6) : 8.28269e-019

