Kmax = 10.0607
Cs = 2.03719
Y at c=2 is 6.66585
