a = 9.89736
b = -2.53187


