b1 : 1.03459
b0 : 0.45283
Correlation Coefficient : 0.931836