a0 = 0.0714286
a1 = 0.839286
