a1 : 0.839286
a0 : 0.0714285
Correlation Coefficient : 0.931836